4 0.8176171875 0.6528125 0.3360546874999999 0.25371093749999996
4 0.5521484375 0.6316015625 0.33687500000000004 0.24359375000000005
4 0.1248046875 0.5677734375 0.09300781249999998 0.396484375
4 0.316484375 0.535 0.13898437500000002 0.2883203125
4 0.490703125 0.48296874999999995 0.295625 0.15234374999999994
4 0.7898828125 0.5051953125 0.3507031250000001 0.22160156250000002
4 0.9055078125 0.271953125 0.14250000000000007 0.17734375000000002
4 0.8255859375 0.2960546875 0.18160156250000004 0.14339843750000003
4 0.768671875 0.360546875 0.24792968749999988 0.223515625
4 0.513671875 0.3109375 0.11078125000000005 0.19527343750000004
4 0.27859375 0.279765625 0.13566406249999996 0.158203125
4 0.10230468749999999 0.2921875 0.1934765625 0.1262109375